x <- 2+3
x
y <- 3
y

